dataTrain <-
structure(list(survived = c(0L, 1L, 1L, 1L, 0L, 0L, 0L, 1L, 1L, 
1L, 1L, 0L, 0L, 0L, 1L, 0L, 0L, 0L, 1L, 1L, 1L, 0L, 1L, 0L, 0L, 
0L, 0L, 0L, 0L, 0L, 1L, 0L, 0L, 1L, 1L, 0L, 0L, 0L, 1L, 1L, 0L, 
1L, 0L, 1L, 0L, 0L, 1L, 0L, 0L, 1L, 0L, 1L, 0L, 0L, 0L, 0L, 0L, 
1L, 0L, 1L, 1L, 0L, 1L, 0L, 1L, 1L, 0L, 1L, 0L, 0L, 0L, 0L, 0L, 
0L, 0L, 1L, 1L, 0L, 0L, 0L, 0L, 0L, 0L, 1L, 0L, 0L, 0L, 0L, 0L, 
0L, 0L, 0L, 0L, 0L, 0L, 0L, 0L, 1L, 0L, 1L, 1L, 0L, 0L, 0L, 0L, 
1L, 0L, 0L, 1L, 0L, 0L, 0L, 1L, 1L, 0L, 0L, 0L, 1L, 0L, 0L, 0L, 
0L, 1L, 0L, 0L, 0L, 1L, 0L, 0L, 1L, 0L, 0L, 0L, 1L, 0L, 0L, 0L, 
0L, 1L, 0L, 0L, 0L, 0L, 0L, 0L, 0L, 1L, 1L, 1L, 0L, 0L, 1L, 0L, 
1L, 1L, 1L, 1L, 0L, 0L, 0L, 0L, 0L, 1L, 0L, 0L, 1L, 1L, 1L, 0L, 
1L, 0L, 0L, 1L, 1L, 0L, 1L, 0L, 1L, 0L, 0L, 1L, 0L, 1L, 0L, 0L, 
1L, 0L, 0L, 1L, 0L, 0L, 1L, 0L, 0L, 0L, 0L, 0L, 0L, 0L, 1L, 1L, 
0L, 0L, 0L, 0L, 0L, 1L, 1L, 1L, 1L, 1L, 0L, 0L, 0L, 0L, 1L, 1L, 
1L, 1L, 1L, 0L, 1L, 0L, 0L, 1L, 0L, 0L, 0L, 1L, 0L, 1L, 0L, 1L, 
1L, 1L, 1L, 0L, 0L, 0L, 0L, 0L, 1L, 0L, 1L, 1L, 0L, 1L, 1L, 1L, 
0L, 0L, 0L, 1L, 1L, 0L, 1L, 1L, 0L, 0L, 1L, 1L, 1L, 0L, 1L, 1L, 
1L, 0L, 0L, 0L, 0L, 1L, 1L, 0L, 1L, 1L, 0L, 0L, 0L, 1L, 1L, 1L, 
0L, 0L, 0L, 0L, 0L, 1L, 0L, 0L, 0L, 0L, 0L, 0L, 1L, 1L, 1L, 0L, 
0L, 0L, 0L, 1L, 0L, 0L, 0L, 1L, 1L, 0L, 1L, 0L, 0L, 1L, 1L, 1L, 
1L, 0L, 1L, 1L, 0L, 0L, 0L, 0L, 1L, 1L, 0L, 0L, 0L, 0L, 0L, 0L, 
1L, 0L, 1L, 1L, 1L, 1L, 0L, 0L, 0L, 0L, 0L, 0L, 1L, 1L, 1L, 1L, 
1L, 0L, 0L, 1L, 0L, 1L, 0L, 0L, 1L, 0L, 0L, 1L, 1L, 1L, 1L, 1L, 
1L, 0L, 0L, 1L, 1L, 0L, 1L, 1L, 0L, 0L, 0L, 0L, 0L, 1L, 0L, 1L, 
1L, 0L, 0L, 0L, 0L, 1L, 0L, 0L, 1L, 1L, 1L, 0L, 0L, 1L, 0L, 0L, 
0L, 0L, 1L, 0L, 0L, 0L, 0L, 0L, 1L, 0L, 1L, 0L, 1L, 1L, 1L, 1L, 
0L, 0L, 1L, 1L, 0L, 1L, 0L, 1L, 0L, 1L, 0L, 0L, 1L, 0L, 0L, 1L, 
0L, 1L, 1L, 1L, 0L, 0L, 1L, 0L, 0L, 1L, 0L, 1L, 1L, 0L, 1L, 1L, 
0L, 1L, 1L, 1L, 0L, 0L, 0L, 0L, 0L, 1L, 1L, 1L, 1L, 0L, 0L, 1L, 
1L, 1L, 1L, 1L, 0L, 0L, 1L, 0L, 1L, 0L, 0L, 1L, 0L, 0L, 0L, 0L, 
1L, 1L, 0L, 1L, 0L, 0L, 1L, 1L, 1L, 0L, 0L, 1L, 0L, 0L, 1L, 0L, 
0L, 1L, 1L, 0L, 0L, 0L, 0L, 1L, 0L, 1L, 0L, 1L, 0L, 1L, 0L, 0L, 
0L, 0L, 1L, 0L, 1L, 1L, 0L, 1L, 1L, 1L, 0L, 0L, 0L, 0L, 0L, 0L, 
1L, 0L, 0L, 0L, 1L, 0L, 0L, 0L, 1L, 0L, 0L, 1L, 0L, 0L, 1L, 0L, 
1L, 1L, 0L, 0L, 0L, 0L, 0L, 0L, 0L, 1L, 1L, 1L, 0L, 0L, 0L, 0L, 
0L, 0L, 1L, 1L, 0L, 0L, 0L, 0L, 1L, 1L, 1L, 1L, 1L, 0L, 0L, 0L, 
1L, 1L, 0L, 1L, 0L, 0L, 0L, 1L, 0L, 1L, 0L, 0L, 1L, 0L, 0L, 0L, 
0L, 0L, 1L, 0L, 1L, 0L, 1L, 0L, 0L, 1L, 0L, 0L, 1L, 1L, 0L, 0L, 
1L, 1L, 0L, 0L, 0L, 1L, 0L, 1L, 1L, 0L, 1L, 0L, 0L, 0L, 0L, 0L, 
1L, 0L, 1L, 1L, 1L, 1L, 0L, 0L, 0L, 1L, 0L, 1L, 0L, 0L, 0L, 0L, 
1L, 1L, 0L, 0L, 0L, 1L, 1L, 1L, 1L, 0L, 0L, 0L, 0L, 1L, 0L, 0L, 
0L, 0L, 0L, 0L, 0L, 0L, 0L, 1L, 1L, 0L, 1L, 0L, 1L, 1L, 1L, 1L, 
0L, 0L, 1L, 0L, 1L, 0L, 0L, 1L, 0L, 0L, 0L, 0L, 0L, 0L, 0L, 0L, 
1L, 0L, 1L, 1L, 1L, 1L, 0L, 0L, 1L, 0L, 1L, 1L, 0L, 1L, 0L, 1L, 
0L, 0L, 1L, 1L, 0L, 0L, 1L, 1L, 0L, 0L, 0L, 0L, 0L, 0L, 1L, 1L, 
0L), pclass = c(3L, 1L, 3L, 1L, 3L, 1L, 3L, 3L, 2L, 3L, 1L, 3L, 
3L, 3L, 2L, 3L, 3L, 2L, 2L, 3L, 1L, 3L, 3L, 1L, 1L, 2L, 1L, 1L, 
3L, 3L, 3L, 3L, 2L, 2L, 3L, 3L, 3L, 3L, 1L, 2L, 1L, 2L, 3L, 2L, 
3L, 3L, 1L, 1L, 3L, 2L, 3L, 3L, 3L, 2L, 3L, 2L, 3L, 3L, 3L, 2L, 
3L, 3L, 3L, 1L, 2L, 3L, 3L, 1L, 3L, 3L, 3L, 1L, 3L, 3L, 1L, 1L, 
2L, 2L, 3L, 1L, 3L, 3L, 3L, 3L, 3L, 1L, 3L, 3L, 3L, 3L, 3L, 3L, 
2L, 1L, 3L, 2L, 2L, 2L, 1L, 3L, 3L, 3L, 3L, 3L, 3L, 2L, 2L, 2L, 
1L, 1L, 3L, 1L, 3L, 3L, 3L, 2L, 2L, 3L, 3L, 2L, 2L, 2L, 1L, 3L, 
3L, 1L, 3L, 3L, 3L, 2L, 3L, 3L, 3L, 3L, 3L, 3L, 1L, 3L, 3L, 3L, 
1L, 3L, 1L, 2L, 3L, 3L, 2L, 3L, 1L, 3L, 3L, 2L, 2L, 3L, 2L, 1L, 
1L, 3L, 2L, 3L, 3L, 3L, 3L, 3L, 3L, 3L, 3L, 1L, 3L, 2L, 3L, 2L, 
1L, 3L, 2L, 1L, 2L, 3L, 2L, 3L, 1L, 3L, 2L, 3L, 2L, 1L, 3L, 2L, 
3L, 2L, 2L, 2L, 2L, 2L, 2L, 3L, 3L, 1L, 3L, 2L, 1L, 2L, 3L, 1L, 
3L, 3L, 3L, 1L, 1L, 2L, 3L, 1L, 1L, 2L, 3L, 3L, 1L, 1L, 3L, 2L, 
1L, 1L, 3L, 3L, 3L, 3L, 3L, 3L, 3L, 3L, 3L, 3L, 2L, 3L, 1L, 1L, 
2L, 3L, 3L, 3L, 1L, 1L, 3L, 1L, 1L, 2L, 1L, 1L, 1L, 2L, 3L, 2L, 
3L, 2L, 2L, 1L, 1L, 3L, 3L, 2L, 2L, 1L, 3L, 2L, 3L, 1L, 1L, 1L, 
3L, 1L, 1L, 3L, 1L, 2L, 1L, 2L, 2L, 2L, 2L, 2L, 3L, 3L, 3L, 3L, 
3L, 3L, 1L, 2L, 3L, 2L, 3L, 3L, 3L, 1L, 1L, 1L, 3L, 3L, 1L, 3L, 
3L, 1L, 3L, 3L, 1L, 3L, 3L, 1L, 2L, 3L, 2L, 2L, 1L, 3L, 3L, 1L, 
3L, 3L, 3L, 2L, 2L, 2L, 3L, 3L, 3L, 3L, 3L, 2L, 3L, 2L, 3L, 1L, 
3L, 2L, 2L, 2L, 3L, 3L, 3L, 3L, 3L, 2L, 2L, 3L, 1L, 2L, 3L, 1L, 
1L, 3L, 2L, 1L, 2L, 2L, 3L, 3L, 2L, 1L, 2L, 1L, 3L, 1L, 2L, 1L, 
1L, 3L, 1L, 2L, 1L, 3L, 1L, 2L, 3L, 1L, 3L, 3L, 2L, 2L, 3L, 2L, 
3L, 3L, 3L, 3L, 3L, 3L, 1L, 1L, 1L, 3L, 3L, 3L, 1L, 1L, 3L, 1L, 
1L, 3L, 3L, 3L, 3L, 1L, 1L, 2L, 3L, 3L, 3L, 1L, 1L, 3L, 1L, 2L, 
2L, 3L, 1L, 3L, 1L, 3L, 2L, 3L, 2L, 2L, 3L, 3L, 2L, 1L, 1L, 1L, 
1L, 3L, 3L, 2L, 1L, 1L, 2L, 3L, 2L, 1L, 2L, 3L, 3L, 1L, 1L, 1L, 
3L, 3L, 2L, 3L, 3L, 3L, 3L, 2L, 1L, 1L, 3L, 3L, 2L, 1L, 3L, 2L, 
1L, 2L, 1L, 1L, 2L, 1L, 3L, 3L, 1L, 3L, 2L, 3L, 3L, 1L, 2L, 3L, 
1L, 3L, 3L, 1L, 2L, 1L, 3L, 3L, 2L, 3L, 3L, 2L, 2L, 3L, 1L, 3L, 
3L, 3L, 1L, 2L, 1L, 3L, 1L, 3L, 1L, 3L, 2L, 3L, 2L, 3L, 3L, 1L, 
3L, 3L, 1L, 3L, 1L, 3L, 2L, 3L, 3L, 2L, 3L, 2L, 1L, 1L, 3L, 1L, 
3L, 3L, 2L, 2L, 3L, 2L, 1L, 2L, 2L, 3L, 3L, 3L, 3L, 1L, 1L, 3L, 
3L, 2L, 2L, 3L, 3L, 3L, 1L, 1L, 3L, 3L, 1L, 2L, 3L, 1L, 3L, 1L, 
1L, 3L, 3L, 3L, 2L, 2L, 1L, 1L, 1L, 1L, 3L, 2L, 3L, 1L, 2L, 3L, 
2L, 3L, 2L, 2L, 1L, 3L, 2L, 2L, 3L, 1L, 3L, 2L, 2L, 3L, 3L, 1L, 
1L, 1L, 3L, 3L, 1L, 3L, 2L, 1L, 3L, 2L, 3L, 3L, 3L, 2L, 2L, 3L, 
2L, 3L, 1L, 3L, 3L, 1L, 3L, 1L, 3L, 3L, 3L, 3L, 2L, 2L, 3L, 3L, 
1L, 3L, 1L, 1L, 3L, 3L, 3L, 3L, 3L, 1L, 2L, 3L, 2L, 1L, 3L, 3L, 
3L, 2L, 2L, 1L, 3L, 3L, 3L, 1L, 3L, 2L, 1L, 3L, 3L, 2L, 3L, 3L, 
3L, 2L, 3L, 3L, 1L, 3L, 1L, 3L, 3L, 2L, 1L, 3L, 2L, 3L, 3L, 1L, 
3L, 3L, 3L, 2L, 1L, 3L, 3L, 3L, 3L, 2L, 3L, 3L, 3L, 1L, 2L, 3L, 
1L, 1L, 3L, 3L, 2L, 1L, 2L, 2L, 2L, 1L, 3L, 3L, 1L, 1L, 3L, 2L, 
3L, 3L, 3L, 1L, 2L, 3L, 3L, 2L, 3L, 3L, 2L, 1L, 1L, 3L),