mu <-
structure(c(0, 0, 0, 0, 0, 0, 0, 0, 0, 0, 0, 0, 0.003, 0.0111904761904762, 
0.00514285714285714, 0.000214285714285714, 0, 0, 0, 0, 0, 0, 
0, 0, 0, 0, 0, 0, 0, 0, 0, 0, 0.000380952380952381, 0.00130952380952381, 
0.010547619047619, 0.0272619047619048, 0.0509047619047619, 0.0664047619047619, 
0.129571428571429, 0.174119047619048, 0.191309523809524, 0.190595238095238, 
0.196047619047619, 0.171357142857143, 0.16447619047619, 0.151714285714286, 
0.105309523809524, 0.0607857142857143, 0.0450714285714286, 0.0154047619047619, 
0.0105238095238095, 0.00504761904761905, 0, 0, 0, 0, 0, 0, 0.00152380952380952, 
0.00069047619047619, 0.00733333333333333, 0.00902380952380952, 
0.0611190476190476, 0.151071428571429, 0.295857142857143, 0.533666666666667, 
0.869380952380952, 1.34621428571429, 1.98142857142857, 2.69859523809524, 
3.39011904761905, 3.80166666666667, 3.74007142857143, 3.33280952380952, 
2.6845, 1.99261904761905, 1.19585714285714, 0.601190476190476, 
0.293833333333333, 0.0984761904761905, 0.034952380952381, 0.0084047619047619, 
0, 0, 0, 0, 0.00361904761904762, 0.00416666666666667, 0.0164047619047619, 
0.0897619047619048, 0.235833333333333, 0.540738095238095, 1.19283333333333, 
2.29285714285714, 3.76838095238095, 5.71388095238095, 7.7512380952381, 
10.0488571428571, 12.0677380952381, 13.4049523809524, 13.0727142857143, 
11.5738095238095, 9.2955, 6.70833333333333, 4.14002380952381, 
2.26957142857143, 1.09190476190476, 0.424595238095238, 0.16797619047619, 
0.0237380952380952, 0.00288095238095238, 0, 0, 0.000904761904761905, 
0.00273809523809524, 0.0160714285714286, 0.0882619047619048, 
0.388690476190476, 1.03004761904762, 2.45490476190476, 4.95321428571429, 
8.67695238095238, 13.7995, 20.3307619047619, 28.0439523809524, 
36.0849761904762, 42.7139523809524, 46.0923095238095, 44.5424523809524, 
38.9485238095238, 30.9647619047619, 22.9095476190476, 14.8688571428571, 
8.69161904761905, 4.55078571428571, 2.09988095238095, 0.838761904761905, 
0.202761904761905, 0.0354761904761905, 0, 0, 0, 0.00942857142857143, 
0.048, 0.411595238095238, 1.43833333333333, 3.55769047619048, 
7.14992857142857, 12.9281428571429, 21.419880952381, 32.2218571428571, 
45.3635, 60.1759285714286, 75.0105714285714, 86.2964047619048, 
91.5881428571429, 89.4502857142857, 80.3025952380952, 65.7619761904762, 
49.6477857142857, 34.3905, 21.4575476190476, 12.2281428571429, 
6.37457142857143, 2.90609523809524, 0.793357142857143, 0.126047619047619, 
0.000428571428571429, 0, 9.52380952380952e-05, 0.0230952380952381, 
0.228380952380952, 1.15454761904762, 3.26802380952381, 7.36704761904762, 
14.1066904761905, 24.1274523809524, 37.8835238095238, 54.0075714285714, 
72.0042857142857, 90.4712380952381, 107.538904761905, 119.699571428571, 
124.894571428571, 121.895761904762, 111.647976190476, 95.5885, 
74.6015, 53.7365238095238, 34.9569761904762, 20.6955, 11.1239761904762, 
5.25419047619048, 1.77342857142857, 0.345714285714286, 0.0250238095238095, 
0, 0.0178095238095238, 0.11247619047619, 0.621404761904762, 2.45214285714286, 
5.98064285714286, 12.3886428571429, 22.3554047619048, 36.5975476190476, 
54.7350476190476, 74.7901428571429, 95.4204761904762, 112.989976190476, 
126.256119047619, 133.59080952381, 135.491976190476, 132.896261904762, 
125.995666666667, 112.654261904762, 92.727880952381, 68.895, 
46.2092380952381, 27.6302619047619, 14.792880952381, 6.77740476190476, 
2.38069047619048, 0.485761904761905, 0.021547619047619, 0.00126190476190476, 
0.0666190476190476, 0.383619047619048, 1.40054761904762, 3.97078571428571, 
8.70385714285714, 16.907119047619, 29.6366904761905, 47.379, 
69.1761904761905, 92.1176666666667, 110.21469047619, 120.604238095238, 
123.885452380952, 123.229904761905, 121.982523809524, 122.219095238095, 
121.774547619048, 116.12269047619, 100.185476190476, 76.6310476190476, 
52.0155, 31.1611904761905, 15.8936428571429, 6.91252380952381, 
2.48111904761905, 0.48452380952381, 0.0177380952380952, 0.00954761904761905, 
0.0982619047619048, 0.551690476190476, 1.80457142857143, 4.648, 
9.88097619047619, 19.5446904761905, 34.5228571428571, 55.5553333333333, 
79.873619047619, 101.011976190476, 111.900071428571, 111.117571428571, 
104.087833333333, 98.5284047619048, 98.8656666666667, 103.874023809524, 
110.747833333333, 111.285904761905, 99.135619047619, 76.6611190476191, 
52.0985714285714, 30.8874047619048, 15.0426428571429, 5.85090476190476, 
1.83785714285714, 0.330571428571429, 0.0312857142857143, 0.0148809523809524, 
0.0991428571428571, 0.540261904761905, 1.70897619047619, 4.3095, 
9.80569047619048, 20.4766904761905, 37.3329523809524, 60.8754285714286, 
85.2434523809524, 101.84880952381, 103.604738095238, 93.1807857142857, 
82.027880952381, 78.9231904761905, 83.987, 93.7585476190476, 
104.537047619048, 106.524071428571, 94.1890238095238, 71.3902380952381, 
47.891880952381, 28.207380952381, 13.496380952381, 4.62723809523809, 
1.15728571428571, 0.220119047619048, 0.0306666666666667, 0.00633333333333333, 
0.0670476190476191, 0.439761904761905, 1.28785714285714, 3.56716666666667, 
9.44080952380952, 21.0867857142857, 40.0672380952381, 65.1928809523809, 
88.6477380952381, 99.9617857142857, 94.9369761904762, 81.1417857142857, 
72.9875476190476, 76.005119047619, 85.5954285714286, 97.8239285714286, 
108.003880952381, 105.678833333333, 88.6992619047619, 64.5875714285714, 
42.4610476190476, 25.3708571428571, 12.6635238095238, 4.13047619047619, 
0.649238095238095, 0.135095238095238, 0.00964285714285714, 0.00388095238095238, 
0.0350238095238095, 0.266571428571429, 0.895761904761905, 2.97780952380952, 
9.55730952380952, 22.8516428571429, 44.0210714285714, 69.6039523809524, 
91.0862380952381, 98.9055952380952, 91.4234047619048, 79.7620714285714, 
79.7019761904762, 89.5057857142857, 102.124119047619, 113.926761904762, 
118.463333333333, 107.826285714286, 84.2650238095238, 58.3689285714286, 
38.3569523809524, 23.9852619047619, 12.9543095238095, 4.45947619047619, 
0.475952380952381, 0.074452380952381, 0.0109047619047619, 0.000761904761904762, 
0.0135, 0.129166666666667, 0.613095238095238, 2.81497619047619, 
10.7002857142857, 25.7015714285714, 47.9339761904762, 72.8261666666667, 
91.7646666666667, 97.1479285714286, 91.1185476190476, 86.8401428571429, 
96.8759285714286, 111.459333333333, 124.506, 130.657238095238, 
127.504761904762, 109.508214285714, 81.271380952381, 55.3675, 
37.4761904761905, 24.2905, 13.904380952381, 5.25735714285714, 
0.616047619047619, 0.0725238095238095, 0.0128809523809524, 0, 
0.005, 0.0524761904761905, 0.432095238095238, 2.93635714285714, 
12.3615238095238, 28.5154761904762, 50.5701428571429, 73.5752619047619, 
89.7311428571429, 94.5582142857143, 92.6753333333333, 97.1634761904762, 
114.958666666667, 130.140142857143, 139.826142857143, 137.418666666667, 
128.653928571429, 107.683952380952, 79.7505476190476, 56.3148095238095, 
39.2446428571429, 25.7542619047619, 14.858619047619, 5.84447619047619, 
0.829642857142857, 0.0743333333333333, 0.00192857142857143, 0, 
0, 0.0356666666666667, 0.478761904761905, 3.47709523809524, 14.3144047619048, 
30.7833571428571, 51.0198333333333, 71.0987380952381, 85.1350952380952, 
90.7801190476191, 93.7346666666667, 104.611857142857, 123.095095238095, 
135.521642857143, 139.073428571429, 131.999071428571, 121.699452380952, 
101.918047619048, 78.8582142857143, 58.847380952381, 41.7307857142857, 
27.1668333333333, 15.0964285714286, 5.89478571428571, 1.05811904761905, 
0.143785714285714, 0.0109761904761905, 0, 0.00188095238095238, 
0.0665952380952381, 0.647428571428571, 4.44878571428571, 16.3514047619048, 
32.2512380952381, 49.7580476190476, 66.1966190476191, 77.7003095238095, 
83.5528809523809, 88.8751190476191, 100.51069047619, 115.358738095238, 
126.012023809524, 127.452119047619, 121.319404761905, 111.362238095238, 
95.9309285714286, 78.3596904761905, 60.5197142857143, 42.629880952381, 
27.0531904761905, 14.3368333333333, 5.59035714285714, 1.24311904761905, 
0.188595238095238, 0.0201190476190476, 0, 0.00371428571428571, 
