mu <-
structure(c(0, 0, 0, 0, 0, 0, 0, 0, 0, 0, 0, 0, 0, 0, 0, 0, 0, 
0, 0, 0, 0, 0, 0, 0, 0, 0, 0, 0, 0, 0, 0, 0, 0, 0, 0, 0, 0, 0.0116, 
0.1384, 0.2074, 0.2442, 0.1816, 0.1134, 0.123, 0.0906, 0.1684, 
0.172, 0.0566, 0.0378, 0.0804, 0.0602, 0.003, 0, 0, 0, 0, 0, 
0, 0, 0, 0, 2e-04, 0.0296, 0.1138, 0.2252, 0.4942, 0.8442, 1.2912, 
2.078, 2.9338, 3.753, 4.2028, 3.9224, 3.481, 2.9408, 1.9704, 
1.0828, 0.535, 0.512, 0.1238, 0.0088, 0, 0, 0, 0, 0, 0, 0, 0, 
0.1092, 0.362, 0.6506, 1.2198, 2.51, 4.263, 6.0228, 7.8682, 10.5664, 
12.499, 13.8908, 13.0448, 11.1966, 8.7584, 6.3348, 4.0098, 2.5874, 
1.5458, 0.4382, 0.0926, 0.0214, 0, 0, 0, 0, 0, 0.042, 0.1118, 
0.4238, 1.1152, 2.37, 5.0488, 8.8622, 13.6778, 20.4444, 28.608, 
37.3636, 44.1972, 46.3844, 43.66, 37.6296, 29.5224, 21.8806, 
14.6966, 9.338, 5.409, 2.0206, 0.5552, 0.0934, 0.046, 0, 0, 0, 
2e-04, 0.1166, 0.3626, 1.5502, 3.3962, 6.553, 12.6028, 20.8892, 
31.5182, 45.5952, 61.633, 75.9686, 86.826, 89.9632, 87.943, 79.606, 
66.6862, 49.512, 33.6136, 21.8262, 13.129, 6.2554, 2.8454, 0.9892, 
0.1596, 0, 0, 0, 0.036, 0.3944, 1.2616, 2.9014, 6.3256, 12.6942, 
23.5858, 37.007, 52.7542, 72.245, 91.9532, 107.3594, 117.6064, 
122.0628, 120.0314, 112.3076, 97.101, 75.5332, 54.5448, 35.4932, 
20.7738, 10.7534, 4.7388, 1.8708, 0.4608, 0.0702, 0, 0.0116, 
0.1448, 0.7484, 2.5884, 5.3486, 11.3266, 21.1048, 35.6686, 54.0802, 
74.313, 95.9094, 113.7416, 125.0882, 132.718, 134.0418, 134.4522, 
127.4086, 113.816, 93.9928, 69.4374, 46.1076, 26.7956, 13.8896, 
6.5178, 2.463, 0.6454, 0.071, 0, 0.1148, 0.437, 1.6268, 4.0876, 
8.0868, 16.2832, 29.1926, 47.0426, 68.9158, 93.5256, 111.6876, 
122.094, 125.3616, 123.9972, 121.9514, 122.7112, 121.8264, 116.4782, 
100.143, 76.4004, 51.2266, 30.6034, 15.0252, 6.7938, 2.4772, 
0.5442, 0.0028, 0, 0.1202, 0.6034, 1.975, 4.4834, 9.3, 19.5072, 
35.1092, 56.0344, 81.7196, 103.1826, 113.027, 112.4804, 104.8622, 
98.0766, 98.1448, 103.555, 111.0218, 111.7906, 99.735, 76.9798, 
51.3694, 30.7982, 15.0678, 5.7538, 1.8132, 0.3244, 0, 0, 0.07, 
0.5004, 1.7204, 4.3988, 9.5658, 21.369, 38.8368, 61.9506, 86.8626, 
102.6804, 103.955, 93.1564, 81.3012, 76.932, 81.9658, 92.5702, 
104.7348, 107.1152, 95.2138, 71.42, 47.6634, 28.1064, 13.5034, 
4.7072, 1.0908, 0.1876, 0.0266, 0, 0.0666, 0.3276, 1.2316, 3.4784, 
9.2502, 21.4636, 40.7902, 66.2956, 88.844, 100.1204, 94.7542, 
80.9188, 71.7266, 73.831, 82.9992, 96.961, 109.1502, 106.4474, 
89.5106, 65.5426, 42.94, 25.7736, 12.1714, 3.934, 0.7036, 0.1558, 
0.0204, 0, 0.055, 0.2188, 0.7608, 2.7766, 9.6288, 22.9272, 44.6356, 
70.7506, 91.0964, 98.4742, 90.9682, 78.9534, 77.9786, 87.519, 
100.0644, 115.481, 120.532, 108.4426, 85.2814, 60.9416, 39.9628, 
24.9668, 12.7572, 3.869, 0.4786, 0.035, 0.0116, 0, 0.0206, 0.0806, 
0.5084, 2.6194, 10.5826, 25.7686, 49.1948, 74.2912, 92.1734, 
97.1946, 90.7828, 85.0294, 94.9374, 110.4402, 125.055, 133.2688, 
128.5698, 109.771, 82.9416, 58.0526, 39.3338, 25.6946, 14.4684, 
4.638, 0.5922, 0.0862, 0.0486, 0, 0, 0, 0.3906, 2.7184, 12.108, 
28.3234, 52.2332, 74.7098, 90.7492, 94.9088, 92.2108, 96.4616, 
113.4752, 129.3522, 140.9996, 139.1432, 128.924, 107.172, 80.6354, 
57.9546, 40.947, 27.4412, 15.7374, 5.9182, 0.9876, 0.0686, 0.0156, 
0, 0, 0.0098, 0.418, 3.3724, 14.2448, 31.2908, 52.4282, 71.2352, 
85.459, 90.3534, 92.8182, 103.4356, 122.6418, 135.2286, 139.5666, 
132.2236, 120.6966, 100.1984, 78.8182, 59.1708, 42.7772, 28.6588, 
16.1376, 6.4108, 1.2456, 0.1702, 0.038, 0, 0.0064, 0.103, 0.6432, 
4.551, 16.5902, 33.2546, 50.2978, 65.6176, 77.0194, 82.284, 87.6154, 
100.1926, 115.2464, 125.7748, 127.3974, 120.615, 110.114, 94.626, 
78.6606, 61.1512, 43.204, 27.8874, 14.9016, 5.9946, 1.5212, 0.2742, 
0.0274, 0, 0.0042, 0.2524, 1.114, 6.2752, 18.531, 34.475, 49.024, 
59.5672, 68.8352, 74.0508, 80.2686, 89.492, 100.8822, 111.0154, 
113.9786, 111.3406, 104.218, 93.3886, 79.0182, 60.5734, 42.091, 
26.1392, 13.2098, 5.376, 1.6544, 0.3266, 0.0276, 0, 0.0252, 0.3162, 
1.8468, 7.8254, 20.2816, 35.6488, 49.756, 58.1098, 65.6616, 73.1878, 
78.2844, 83.1528, 93.836, 105.3598, 111.192, 110.5738, 105.6, 
94.8976, 79.0738, 59.1894, 39.9518, 23.6066, 11.3208, 4.2382, 
1.3368, 0.2332, 0, 0, 0.0682, 0.2864, 2.3818, 9.2688, 21.9942, 
37.3326, 51.2148, 62.5446, 72.447, 79.8266, 83.7508, 88.921, 
99.656, 112.6262, 118.6542, 116.5594, 109.1432, 94.3292, 74.2782, 
53.3908, 34.2572, 18.897, 8.4624, 2.9898, 0.9258, 0.2104, 0, 
0, 0.0428, 0.4978, 2.4738, 9.5672, 21.3208, 37.512, 54.4204, 
69.1722, 82.4016, 92.3754, 97.5024, 105.43, 116.7246, 125.5524, 
126.8214, 118.5546, 105.9874, 86.6966, 62.8522, 42.3284, 25.3322, 
12.9318, 5.9862, 2.2282, 0.8532, 0.1562, 0.01, 0, 0.0214, 0.4776, 
2.0158, 6.9322, 17.3094, 32.707, 51.8294, 70.4348, 87.9722, 102.1218, 
111.592, 121.009, 129.9492, 132.8912, 125.6236, 110.7756, 91.5404, 
68.8192, 45.7352, 29.0724, 15.8138, 7.7514, 3.7846, 1.564, 0.4682, 
0.0522, 0, 0, 8e-04, 0.122, 1.0518, 4.0326, 11.086, 22.819, 39.434, 
60.2672, 80.1734, 97.6248, 111.4012, 119.9826, 123.5552, 120.5484, 
107.2502, 88.802, 67.3554, 45.5362, 27.9026, 16.4826, 8.2208, 
4.2232, 2.0572, 0.781, 0.2152, 0.0074, 0, 0, 0, 0.0182, 0.436, 
1.8224, 5.0462, 11.8456, 23.8836, 40.1402, 58.4142, 76.1772, 
90.4706, 99.0602, 98.8566, 90.951, 76.1578, 58.0772, 41.149, 
25.9308, 14.8626, 8.4416, 3.8332, 2.023, 0.9528, 0.3282, 0.0934, 
0.0162, 0, 0, 0, 0, 0.1434, 0.574, 1.4676, 3.9578, 8.9094, 16.643, 
26.749, 37.2484, 46.1636, 51.022, 50.882, 45.9668, 37.5986, 27.7176, 
19.1552, 11.951, 7.401, 4.3964, 2.161, 1.0088, 0.5206, 0.0798, 
0.0228, 0, 0, 0, 0, 0, 0.021, 0.1578, 0.427, 1.2748, 3.1416, 
5.809, 9.4802, 12.901, 16.8602, 18.335, 18.5402, 16.7634, 15.0908, 
11.3116, 7.9894, 5.3994, 3.2794, 1.931, 0.836, 0.3402, 0.1938, 
0.0216, 0, 0, 0, 0, 0, 0, 0, 0.0058, 0.0836, 0.4976, 1.4206, 
2.4794, 3.3066, 4.3436, 6.2376, 7.651, 6.9864, 6.1158, 5.2646, 
4.1544, 2.8802, 1.8542, 0.9998, 0.4702, 0.1494, 0.027, 0, 0, 
0, 0, 0, 0, 0, 0, 0, 0, 0, 0, 0.0468, 0.163, 0.1938, 0.312, 0.4418, 
0.5826, 0.5692, 0.7758, 0.7758, 0.5248, 0.4312, 0.1826, 0.0792, 
0.0552, 0.0354, 0.0044, 0, 0, 0, 0, 0),