Xval <-
structure(c(1, 3, 3, 2, 3, 1, 3, 3, 2, 3, 3, 3, 3, 1, 3, 1, 3, 
3, 3, 3, 3, 3, 3, 3, 1, 3, 1, 2, 2, 1, 3, 3, 1, 3, 3, 2, 3, 2, 
2, 1, 1, 3, 3, 3, 2, 1, 3, 3, 3, 3, 3, 2, 3, 3, 1, 3, 1, 3, 3, 
1, 3, 2, 2, 1, 3, 2, 3, 3, 1, 1, 3, 3, 2, 2, 2, 1, 1, 1, 2, 3, 
3, 2, 3, 1, 3, 1, 2, 2, 1, 1, 2, 1, 3, 1, 3, 1, 3, 3, 2, 2, 3, 
3, 1, 3, 3, 3, 3, 3, 1, 3, 1, 1, 1, 2, 3, 3, 2, 3, 1, 3, 3, 3, 
1, 2, 1, 3, 1, 3, 3, 3, 3, 3, 2, 2, 3, 3, 3, 3, 3, 2, 3, 2, 3, 
3, 2, 3, 3, 3, 2, 3, 3, 2, 3, 1, 3, 3, 3, 3, 2, 3, 3, 2, 1, 2, 
3, 3, 3, 2, 2, 1, 3, 1, 1, 1, 3, 2, 3, 3, 3, 3, 2, 3, 1, 3, 3, 
3, 2, 1, 1, 3, 3, 1, 3, 3, 2, 3, 1, 1, 2, 1, 3, 3, 1, 3, 2, 3, 
1, 3, 1, 3, 2, 2, 3, 3, 3, 3, 1, 3, 3, 1, 2, 1, 3, 3, 2, 1, 2, 
3, 3, 1, 3, 3, 3, 3, 1, 3, 2, 1, 3, 3, 3, 3, 3, 3, 3, 1, 3, 1, 
1, 1, 1, 1, 2, 3, 2, 3, 3, 2, 2, 2, 3, 3, 3, 1, 2, 2, 3, 1, 1, 
0, 1, 1, 1, 0, 0, 0, 0, 1, 1, 1, 0, 0, 0, 0, 1, 1, 0, 1, 0, 1, 
1, 1, 1, 1, 0, 1, 0, 0, 1, 1, 1, 1, 0, 1, 1, 1, 1, 0, 0, 1, 1, 
0, 0, 1, 0, 1, 1, 1, 1, 1, 1, 1, 0, 1, 1, 1, 1, 1, 0, 1, 0, 1, 
1, 1, 1, 1, 1, 1, 1, 1, 0, 0, 1, 1, 0, 1, 1, 1, 1, 0, 1, 1, 0, 
1, 0, 0, 0, 0, 1, 1, 1, 1, 1, 0, 1, 0, 1, 1, 1, 0, 1, 1, 1, 1, 
0, 1, 0, 1, 0, 1, 1, 1, 1, 0, 0, 0, 1, 1, 1, 0, 0, 1, 1, 1, 1, 
1, 1, 1, 1, 1, 1, 1, 1, 1, 1, 0, 1, 0, 1, 1, 1, 1, 1, 0, 0, 1, 
1, 1, 1, 1, 1, 0, 1, 1, 1, 1, 0, 0, 0, 1, 0, 0, 1, 1, 1, 1, 0, 
1, 1, 0, 1, 0, 1, 1, 1, 1, 0, 0, 1, 1, 1, 0, 0, 0, 1, 0, 1, 1, 
0, 0, 1, 1, 1, 1, 1, 1, 1, 0, 0, 0, 1, 1, 1, 0, 0, 1, 1, 1, 1, 
1, 1, 0, 1, 1, 0, 1, 1, 0, 1, 0, 1, 1, 1, 1, 1, 1, 1, 1, 0, 1, 
1, 1, 0, 1, 1, 0, 0, 1, 0, 1, 1, 0, 0, 0, 1, 1, 1, 0, 0, 1, 0, 
1, 0, 1, 1, 0, 1, 1, 0, 1, 1, 0, 0, 1, 1, 1, 46, 29.6991176470588, 
32, 36, 29.6991176470588, 63, 22, 29.6991176470588, 34, 21, 1, 
25, 29.6991176470588, 19, 29.6991176470588, 54, 25, 31, 45, 29.6991176470588, 
17, 34, 55.5, 30, 37, 29.6991176470588, 29.6991176470588, 24, 
40, 16, 29.6991176470588, 32, 35, 26, 9, 27, 24, 19, 29, 29.6991176470588, 
56, 25, 23.5, 1, 48, 49, 15, 22, 30, 32, 20, 18, 32, 29.6991176470588, 
40, 19, 65, 24, 27, 29.6991176470588, 16, 39, 3, 47, 29.6991176470588, 
60, 29.6991176470588, 50, 29.6991176470588, 52, 28, 32, 21, 28, 
52, 49, 17, 25, 29.6991176470588, 29.6991176470588, 37, 29, 29.6991176470588, 
80, 36, 29.6991176470588, 6, 50, 22, 29.6991176470588, 28, 36, 
21, 29.6991176470588, 20, 40, 29.6991176470588, 41, 31, 23, 21, 
29.6991176470588, 31, 29, 17, 18, 18, 32, 52, 28, 29.6991176470588, 
60, 56, 29.6991176470588, 29.6991176470588, 30, 18, 20, 50, 25, 
29.6991176470588, 29.6991176470588, 47, 24, 29.6991176470588, 
26, 18, 17, 39, 29.6991176470588, 29.6991176470588, 35, 35, 1, 
26, 28, 9, 5, 17, 34, 29.6991176470588, 29.6991176470588, 21, 
74, 46, 14.5, 29.6991176470588, 44, 34, 29.6991176470588, 15, 
25, 34, 39, 29, 22, 29.6991176470588, 19, 35, 11, 24, 23, 19, 
17, 39, 28, 29, 51, 8, 58, 22, 35, 29.6991176470588, 58, 29.6991176470588, 
42, 29.6991176470588, 29.6991176470588, 29.6991176470588, 3, 
27, 21, 36, 32, 29.6991176470588, 29.6991176470588, 30, 18, 19, 
29.6991176470588, 29.6991176470588, 23, 29.6991176470588, 29.6991176470588, 
32.5, 1, 45, 55, 3, 2, 26, 29.6991176470588, 33, 33, 23, 21, 
31, 19, 47, 29.6991176470588, 66, 43, 18, 29, 24, 29.6991176470588, 
51, 4, 17, 35, 44, 50, 18, 28.5, 0.67, 51, 0.83, 29.6991176470588, 
29.6991176470588, 24, 25, 29.6991176470588, 22, 25, 36, 20, 28, 
35, 14, 29.6991176470588, 22, 30, 30.5, 29.6991176470588, 20, 
58, 36, 28, 30, 23, 18, 29, 50, 24, 24, 29.6991176470588, 48, 
32, 36, 0.83, 1, 19, 9, 30, 31, 23, 47, 62, 1, 0, 0, 0, 0, 1, 
0, 0, 0, 0, 5, 0, 0, 0, 1, 1, 0, 0, 0, 0, 4, 0, 0, 0, 0, 0, 1, 
2, 1, 0, 0, 0, 0, 0, 2, 0, 0, 0, 1, 1, 0, 1, 0, 1, 1, 1, 0, 0, 
0, 0, 0, 0, 0, 1, 1, 0, 0, 2, 0, 0, 5, 0, 1, 0, 0, 1, 0, 0, 0, 
1, 0, 0, 0, 0, 0, 1, 1, 1, 0, 0, 2, 0, 1, 0, 1, 0, 0, 0, 0, 1, 
0, 1, 0, 0, 0, 0, 1, 0, 1, 0, 0, 3, 0, 0, 0, 1, 1, 1, 1, 1, 1, 
0, 0, 0, 0, 0, 0, 0, 1, 1, 0, 1, 1, 0, 0, 2, 1, 0, 0, 0, 0, 0, 
0, 2, 0, 0, 0, 2, 0, 0, 0, 0, 0, 0, 0, 1, 0, 0, 0, 0, 1, 0, 0, 
1, 0, 0, 3, 0, 0, 4, 1, 0, 1, 0, 0, 2, 0, 0, 0, 0, 0, 1, 0, 0, 
0, 0, 0, 0, 0, 3, 0, 0, 0, 1, 0, 1, 0, 0, 1, 0, 8, 3, 0, 0, 1, 
1, 1, 0, 1, 1, 0, 0, 0, 0, 0, 2, 0, 0, 0, 0, 0, 1, 0, 1, 0, 0, 
1, 4, 1, 0, 1, 0, 0, 0, 1, 0, 1, 0, 0, 0, 1, 8, 0, 0, 0, 0, 0, 
1, 0, 0, 0, 1, 0, 0, 1, 0, 1, 0, 0, 1, 1, 1, 0, 0, 1, 1, 0, 0, 
0, 0, 0, 0, 5, 0, 1, 0, 0, 0, 0, 0, 0, 0, 0, 0, 0, 2, 1, 0, 2, 
0, 0, 2, 0, 0, 0, 0, 0, 0, 2, 0, 0, 0, 1, 0, 0, 0, 1, 0, 0, 0, 
0, 0, 2, 0, 0, 0, 0, 0, 1, 0, 0, 1, 2, 0, 0, 0, 0, 0, 0, 0, 0, 
1, 1, 0, 0, 0, 0, 0, 2, 0, 2, 0, 0, 1, 0, 0, 0, 1, 0, 0, 0, 0, 
0, 0, 0, 0, 0, 0, 0, 0, 0, 0, 0, 0, 1, 0, 2, 0, 0, 2, 0, 0, 0, 
0, 0, 5, 1, 0, 0, 1, 0, 0, 0, 0, 0, 0, 1, 0, 0, 0, 0, 0, 0, 0, 
2, 0, 0, 0, 0, 0, 1, 0, 0, 0, 0, 0, 0, 0, 0, 0, 0, 1, 0, 0, 2, 
1, 0, 0, 0, 0, 0, 0, 0, 0, 0, 0, 0, 0, 1, 0, 0, 1, 0, 0, 1, 0, 
0, 2, 0, 0, 0, 0, 0, 0, 0, 0, 2, 0, 0, 0, 0, 0, 0, 0, 0, 0, 0, 
1, 0, 0, 0, 1, 0, 0, 0, 2, 0, 0, 2, 2, 0, 0, 0, 2, 0, 0, 1, 2, 
0, 0, 0, 0, 0, 2, 2, 0, 0, 0, 0, 1, 0, 1, 0, 0, 0, 2, 1, 0, 0, 
1, 0, 0, 1, 0, 1, 0, 0, 1, 0, 2, 0, 0, 2, 0, 1, 0, 0, 0, 0, 0, 
0, 0, 0, 0, 1, 0, 0, 0, 0, 0, 1, 0, 2, 0, 0, 0, 0, 2, 2, 0, 2, 
0, 1, 0, 0, 0, 61.175, 7.7875, 8.05, 10.5, 14.5, 77.9583, 7.775, 
22.3583, 23, 8.6625, 46.9, 7.25, 7.75, 26.2833, 15.5, 78.2667, 
7.225, 7.925, 7.75, 7.8958, 7.925, 6.4958, 8.05, 8.05, 29.7, 
7.75, 52, 73.5, 39, 86.5, 7.8958, 56.4958, 512.3292, 7.8958, 
34.375, 26, 7.7958, 13, 21, 89.1042, 83.1583, 17.8, 7.2292, 11.1333, 
65, 56.9292, 8.0292, 7.7958, 9.5, 7.925, 7.8542, 13, 7.925, 15.2458, 
134.5, 6.75, 26.55, 24.15, 7.8958, 26.55, 46.9, 13, 41.5792, 
34.0208, 7.75, 39, 8.1125, 8.05, 29.7, 79.65, 22.525, 7.925, 
10.5, 13, 13, 89.1042, 57, 55.4417, 0, 7.05, 7.925, 10.5, 15.5, 
30, 17.4, 52, 33, 10.5, 49.5, 146.5208, 13.5, 120, 8.05, 30, 
8.6625, 153.4625, 15.5, 39.6875, 37.0042, 13, 7.8542, 25.4667, 
50.4958, 7.75, 8.6625, 6.4958, 17.8, 15.85, 93.5, 15.85, 51.8625, 
26.55, 35.5, 0, 7.25, 12.475, 13, 8.6625, 55.9, 7.775, 7.25, 
14.4542, 52.5542, 13, 26.55, 8.6625, 108.9, 8.6625, 7.925, 14.4583, 
6.8583, 7.05, 10.5, 39, 7.775, 7.7958, 20.525, 19.2583, 8.6625, 
10.5, 7.75, 0, 7.25, 7.775, 26, 14.4542, 7.6292, 7.925, 13, 7.75, 
7.2292, 13, 8.05, 79.65, 9.5, 7.25, 25.4667, 8.05, 21, 31.275, 
15.85, 13, 91.0792, 10.5, 7.925, 7.925, 7.875, 12.525, 26.25, 
29.7, 7.8958, 52, 35, 146.5208, 8.05, 13, 15.5, 56.4958, 7.75, 
21.075, 13, 16.1, 40.125, 15.5, 7.8792, 15.5, 13, 79.65, 53.1, 
7.225, 69.55, 263, 7.2292, 7.8958, 30.0708, 20.575, 83.475, 30.5, 
26, 151.55, 7.925, 7.8792, 5, 8.6542, 10.5, 34.375, 164.8667, 
0, 52, 7.75, 10.5, 26.25, 8.05, 10.4625, 7.4958, 7.225, 77.9583, 
31.275, 7.2292, 135.6333, 26, 247.5208, 8.3, 16.1, 14.5, 26.55, 
18.75, 8.7125, 7.775, 247.5208, 7.925, 69.55, 7.5208, 7.05, 71, 
9.5, 33, 53.1, 7.8542, 7.2292, 7.75, 16.1, 8.05, 7.55, 9.825, 
26.55, 24.15, 35.5, 27.75, 113.275, 227.525, 66.6, 26, 8.05, 
65, 19.9667, 7.8542, 13, 12.875, 29, 15.7417, 10.1708, 46.9, 
93.5, 26.25, 13, 9, 26.55, 4, 3, 4, 4, 4, 4, 4, 2, 4, 4, 4, 4, 
3, 4, 3, 2, 2, 4, 4, 4, 4, 4, 4, 4, 2, 3, 4, 4, 4, 4, 4, 4, 2, 
4, 4, 4, 4, 4, 4, 2, 2, 4, 2, 4, 4, 2, 3, 4, 4, 4, 4, 4, 4, 2, 
2, 3, 4, 4, 4, 4, 4, 4, 2, 4, 3, 4, 4, 4, 2, 4, 4, 4, 4, 4, 4, 
2, 4, 2, 4, 4, 4, 4, 3, 4, 4, 4, 4, 4, 2, 2, 4, 4, 4, 4, 4, 4, 
3, 4, 2, 4, 4, 4, 4, 3, 4, 4, 4, 4, 4, 4, 4, 4, 2, 4, 4, 4, 4, 
4, 4, 4, 4, 2, 4, 4, 4, 4, 2, 4, 4, 2, 3, 4, 4, 4, 4, 4, 4, 2, 
4, 4, 3, 4, 4, 4, 4, 2, 3, 4, 4, 3, 2, 4, 4, 4, 4, 4, 4, 4, 4, 
4, 4, 4, 2, 4, 4, 4, 4, 4, 4, 2, 4, 4, 4, 2, 4, 4, 3, 4, 3, 4, 
4, 4, 2, 3, 3, 3, 4, 4, 4, 2, 4, 4, 2, 4, 2, 4, 4, 4, 4, 4, 4, 
3, 4, 4, 4, 4, 4, 4, 4, 3, 4, 4, 4, 4, 4, 2, 4, 4, 2, 4, 4, 2, 
4, 4, 4, 4, 4, 2, 4, 2, 4, 4, 4, 4, 4, 4, 4, 4, 4, 2, 3, 4, 4, 
4, 4, 4, 4, 4, 2, 2, 2, 4, 4, 4, 4, 4, 4, 4, 2, 4, 2, 4, 4, 4, 
4, 4, 4, 4), .Dim = c(268L, 7L),