theta <-
structure(c(29.0767414978269, -3.81436114267429, -2.43940240742711, 
-1.31754157866682, -0.496410605427376, 0.0696183970481675, 0.448917475104727, 
0.700270640957015, 0.866338899279419, -1.5404423322614, -1.29367866836147, 
-0.907214081011339, -0.484549003253067, -0.0725575018041553, 
0.297290071061873, 0.611824848502785, 0.870435666932035, -4.24731823808002, 
0.449374792895865, 2.21107090696547, 1.94927208336982, 1.0565194064035, 
0.124699344365739, -0.665976269960711, -1.28917917784356, -0.861344995537285, 
-0.326414330628603, 0.017332010599985, 0.0841014849805609, 0.0774634542168835, 
0.0629354309125862, 0.0523114788395602, 0.045838872896205, 0.704423488019775, 
0.827713319318907, 0.454331295850717, 0.0885382998306331, -0.19316592515592, 
-0.393269414396822, -0.530488926361261, -0.62306891364753, 1.58120153625191
), .Dim = c(42L, 1L))
mu <-
structure(c(2.23046092184369, 5.6813627254509, 15.5531062124248, 
44.2064128256513, 128.24248496994, 376.503006012024, 1113.58917835671, 
3309.45691382766, 0.527054108216433, 1.19238476953908, 3.7374749498998, 
14.0581162324649, 57.7014028056112, 248.046092184369, 1098.16633266533, 
4967.96593186373, 0.414829659318637, 0.847695390781563, 2.26653306613226, 
7.62925851703407, 30.1142284569138, 130.707414829659, 598.178356713427, 
2819.81362725451, 34.3577567134269, 3603.32943526329, 764288.367820028, 
237981016.156621, 93057831221.8747, 41486079505411.6, 19834992407845460, 
9824238079584155648, 2.58717434869739, 7.32064128256513, 21.4408817635271, 
63.6412825651303, 189.921843687375, 568.122244488978, 1701.44088176353, 
5098.83166332665), .Names = c("X1", "X2", "X3", "X4", "X5", "X6", 
"X7", "X8", "X9", "X10", "X11", "X12", "X13", "X14", "X15", "X16", 
"X17", "X18", "X19", "X20", "X21", "X22", "X23", "X24", "X25", 
"X26", "X27", "X28", "X29", "X30", "X31", "X32", "X33", "X34", 
"X35", "X36", "X37", "X38", "X39", "X40"))
sigma <-
structure(c(0.8413235341606, 3.45723636446984, 11.6135344361283, 
36.8506630118859, 114.259389772755, 350.048983220344, 1064.73143358585, 
3223.62778995341, 0.957306262488109, 3.55832951819935, 15.3149406812155, 
69.1369241896408, 321.847261378224, 1532.0101960637, 7410.14929435618, 
36246.0154893785, 0.822780891015686, 2.63145356998041, 11.2170580711475, 
52.6037397853892, 254.578541738322, 1248.73497215698, 6169.82239353155, 
30618.004761277, 49.2720934982194, 15014.9536932002, 6401880.59959572, 
3128452776.75847, 1585137720790.52, 810068796777780, 414795698261551744, 
2.12490346691825e+20, 0.792735485431791, 3.17327488306847, 10.4225009536369, 
32.4148804882354, 98.9244362133448, 299.567953763182, 903.786253702473, 
2721.0866878456), .Names = c("X1", "X2", "X3", "X4", "X5", "X6", 
"X7", "X8", "X9", "X10", "X11", "X12", "X13", "X14", "X15", "X16", 
"X17", "X18", "X19", "X20", "X21", "X22", "X23", "X24", "X25", 
"X26", "X27", "X28", "X29", "X30", "X31", "X32", "X33", "X34", 
"X35", "X36", "X37", "X38", "X39", "X40"))
