Xtest <-
structure(c(3, 3, 2, 3, 3, 3, 3, 2, 3, 3, 3, 1, 1, 2, 1, 2, 2, 
3, 3, 3, 1, 3, 1, 1, 1, 3, 1, 3, 1, 3, 2, 2, 3, 3, 1, 3, 3, 3, 
3, 3, 3, 1, 3, 2, 1, 3, 1, 3, 1, 3, 1, 2, 2, 1, 2, 3, 3, 3, 3, 
1, 3, 2, 3, 3, 1, 2, 3, 1, 1, 1, 3, 3, 3, 1, 1, 1, 3, 1, 2, 3, 
3, 1, 1, 3, 2, 3, 3, 3, 3, 2, 3, 3, 1, 3, 1, 3, 1, 3, 3, 3, 1, 
2, 3, 3, 3, 3, 3, 3, 3, 2, 2, 3, 1, 3, 1, 3, 3, 3, 1, 2, 2, 3, 
1, 3, 3, 3, 3, 3, 2, 3, 3, 1, 3, 3, 3, 3, 3, 2, 3, 3, 3, 1, 1, 
2, 1, 3, 1, 3, 1, 2, 1, 3, 3, 3, 3, 3, 1, 3, 1, 3, 3, 3, 2, 3, 
2, 3, 1, 3, 1, 3, 3, 3, 3, 3, 3, 2, 2, 1, 2, 1, 2, 1, 1, 3, 1, 
2, 2, 3, 3, 2, 2, 1, 3, 2, 2, 3, 1, 3, 2, 3, 3, 3, 1, 2, 2, 1, 
3, 2, 1, 3, 3, 3, 2, 2, 3, 1, 3, 1, 1, 3, 2, 3, 2, 3, 1, 3, 3, 
3, 3, 2, 2, 1, 3, 3, 1, 3, 1, 3, 2, 1, 1, 2, 1, 3, 3, 1, 2, 2, 
2, 3, 2, 3, 1, 3, 3, 3, 3, 3, 2, 3, 3, 3, 2, 3, 2, 3, 1, 3, 3, 
3, 1, 3, 1, 3, 3, 2, 2, 2, 2, 2, 3, 3, 3, 3, 3, 3, 3, 1, 3, 3, 
1, 3, 3, 1, 3, 3, 2, 3, 1, 3, 3, 2, 2, 3, 3, 1, 1, 3, 1, 3, 3, 
3, 3, 3, 1, 3, 1, 2, 3, 2, 3, 3, 2, 1, 1, 3, 2, 1, 2, 2, 2, 1, 
3, 3, 3, 1, 2, 3, 2, 3, 2, 3, 3, 1, 3, 3, 2, 3, 2, 2, 1, 2, 2, 
2, 3, 1, 1, 3, 3, 3, 3, 2, 2, 3, 1, 3, 3, 3, 1, 2, 2, 1, 1, 2, 
1, 1, 3, 2, 1, 3, 3, 3, 3, 3, 2, 2, 3, 2, 3, 3, 1, 1, 3, 2, 3, 
1, 3, 1, 3, 3, 1, 2, 1, 1, 1, 2, 2, 1, 3, 3, 3, 1, 3, 3, 1, 3, 
3, 3, 1, 0, 1, 1, 0, 1, 0, 1, 0, 1, 1, 1, 0, 1, 0, 0, 1, 1, 0, 
0, 1, 1, 0, 1, 0, 1, 0, 1, 1, 1, 1, 1, 0, 0, 1, 1, 0, 0, 1, 1, 
1, 1, 1, 0, 0, 1, 1, 1, 0, 0, 1, 1, 0, 0, 1, 1, 1, 1, 1, 0, 1, 
1, 1, 0, 1, 0, 0, 1, 1, 0, 0, 1, 0, 1, 0, 1, 1, 0, 1, 0, 1, 1, 
1, 1, 1, 1, 0, 0, 0, 1, 0, 1, 0, 1, 1, 1, 0, 1, 0, 1, 0, 1, 1, 
1, 0, 1, 1, 1, 1, 1, 1, 0, 0, 0, 0, 1, 1, 0, 1, 0, 0, 1, 0, 1, 
1, 0, 1, 0, 1, 1, 1, 1, 0, 1, 1, 1, 1, 1, 0, 1, 0, 0, 1, 1, 1, 
1, 1, 1, 1, 1, 0, 1, 1, 0, 1, 1, 0, 0, 1, 0, 0, 1, 0, 1, 1, 0, 
1, 1, 0, 0, 1, 1, 1, 1, 1, 0, 0, 1, 0, 0, 1, 1, 0, 1, 0, 1, 0, 
1, 0, 1, 1, 1, 1, 1, 1, 1, 1, 0, 1, 0, 0, 1, 1, 0, 1, 1, 0, 1, 
0, 1, 1, 1, 1, 0, 0, 1, 0, 1, 0, 1, 0, 1, 0, 1, 0, 0, 1, 0, 1, 
1, 1, 0, 1, 1, 1, 1, 1, 1, 0, 0, 0, 0, 1, 1, 1, 1, 0, 1, 0, 0, 
0, 1, 1, 1, 1, 1, 1, 1, 0, 1, 1, 1, 0, 0, 1, 1, 1, 1, 0, 1, 1, 
1, 0, 0, 1, 0, 1, 1, 1, 1, 0, 1, 0, 0, 0, 1, 1, 1, 1, 1, 1, 0, 
1, 1, 1, 1, 0, 1, 1, 1, 1, 1, 1, 1, 0, 0, 1, 1, 1, 0, 1, 1, 1, 
0, 0, 0, 1, 1, 1, 1, 1, 1, 1, 1, 0, 1, 0, 1, 1, 1, 0, 1, 1, 0, 
1, 1, 1, 1, 1, 1, 1, 1, 1, 0, 1, 0, 1, 0, 1, 0, 0, 1, 1, 1, 0, 
1, 0, 1, 1, 0, 1, 0, 0, 1, 0, 0, 1, 0, 0, 1, 1, 0, 1, 1, 0, 0, 
0, 1, 1, 1, 1, 1, 0, 0, 1, 0, 1, 1, 1, 1, 1, 0, 1, 1, 1, 0, 1, 
0, 1, 1, 0, 1, 0, 1, 1, 1, 1, 1, 0, 0, 0, 0, 0, 1, 0, 1, 1, 1, 
30.2725903614458, 35.6271884892086, 30.2725903614458, 35.6271884892086, 
30.2725903614458, 35.6271884892086, 30.2725903614458, 35.6271884892086, 
30.2725903614458, 35.6271884892086, 30.2725903614458, 35.6271884892086, 
30.2725903614458, 35.6271884892086, 30.2725903614458, 35.6271884892086, 
30.2725903614458, 35.6271884892086, 30.2725903614458, 35.6271884892086, 
30.2725903614458, 35.6271884892086, 30.2725903614458, 35.6271884892086, 
30.2725903614458, 35.6271884892086, 30.2725903614458, 35.6271884892086, 
30.2725903614458, 35.6271884892086, 30.2725903614458, 35.6271884892086, 
30.2725903614458, 35.6271884892086, 30.2725903614458, 35.6271884892086, 
30.2725903614458, 35.6271884892086, 30.2725903614458, 35.6271884892086, 
30.2725903614458, 35.6271884892086, 30.2725903614458, 35.6271884892086, 
30.2725903614458, 35.6271884892086, 30.2725903614458, 35.6271884892086, 
30.2725903614458, 35.6271884892086, 30.2725903614458, 35.6271884892086, 
30.2725903614458, 35.6271884892086, 30.2725903614458, 35.6271884892086, 
30.2725903614458, 35.6271884892086, 30.2725903614458, 35.6271884892086, 
30.2725903614458, 35.6271884892086, 30.2725903614458, 35.6271884892086, 
30.2725903614458, 35.6271884892086, 30.2725903614458, 35.6271884892086, 
30.2725903614458, 35.6271884892086, 30.2725903614458, 35.6271884892086, 
30.2725903614458, 35.6271884892086, 30.2725903614458, 35.6271884892086, 
30.2725903614458, 35.6271884892086, 30.2725903614458, 35.6271884892086, 
30.2725903614458, 35.6271884892086, 30.2725903614458, 35.6271884892086, 
30.2725903614458, 35.6271884892086, 30.2725903614458, 35.6271884892086, 
30.2725903614458, 35.6271884892086, 30.2725903614458, 35.6271884892086, 
30.2725903614458, 35.6271884892086, 30.2725903614458, 35.6271884892086, 
30.2725903614458, 35.6271884892086, 30.2725903614458, 35.6271884892086, 
30.2725903614458, 35.6271884892086, 30.2725903614458, 35.6271884892086, 
30.2725903614458, 35.6271884892086, 30.2725903614458, 35.6271884892086, 
30.2725903614458, 35.6271884892086, 30.2725903614458, 35.6271884892086, 
30.2725903614458, 35.6271884892086, 30.2725903614458, 35.6271884892086, 
30.2725903614458, 35.6271884892086, 30.2725903614458, 35.6271884892086, 
30.2725903614458, 35.6271884892086, 30.2725903614458, 35.6271884892086, 
30.2725903614458, 35.6271884892086, 30.2725903614458, 35.6271884892086, 
30.2725903614458, 35.6271884892086, 30.2725903614458, 35.6271884892086, 
30.2725903614458, 35.6271884892086, 30.2725903614458, 35.6271884892086, 
30.2725903614458, 35.6271884892086, 30.2725903614458, 35.6271884892086, 
30.2725903614458, 35.6271884892086, 30.2725903614458, 35.6271884892086, 
30.2725903614458, 35.6271884892086, 30.2725903614458, 35.6271884892086, 
30.2725903614458, 35.6271884892086, 30.2725903614458, 35.6271884892086, 
30.2725903614458, 35.6271884892086, 30.2725903614458, 35.6271884892086, 
30.2725903614458, 35.6271884892086, 30.2725903614458, 35.6271884892086, 
30.2725903614458, 35.6271884892086, 30.2725903614458, 35.6271884892086, 
30.2725903614458, 35.6271884892086, 30.2725903614458, 35.6271884892086, 
30.2725903614458, 35.6271884892086, 30.2725903614458, 35.6271884892086, 
30.2725903614458, 35.6271884892086, 30.2725903614458, 35.6271884892086, 
30.2725903614458, 35.6271884892086, 30.2725903614458, 35.6271884892086, 
30.2725903614458, 35.6271884892086, 30.2725903614458, 35.6271884892086, 
30.2725903614458, 35.6271884892086, 30.2725903614458, 35.6271884892086, 
30.2725903614458, 35.6271884892086, 30.2725903614458, 35.6271884892086, 
30.2725903614458, 35.6271884892086, 30.2725903614458, 35.6271884892086, 
30.2725903614458, 35.6271884892086, 30.2725903614458, 35.6271884892086, 
30.2725903614458, 35.6271884892086, 30.2725903614458, 35.6271884892086, 
30.2725903614458, 35.6271884892086, 30.2725903614458, 35.6271884892086, 
30.2725903614458, 35.6271884892086, 30.2725903614458, 35.6271884892086, 
30.2725903614458, 35.6271884892086, 30.2725903614458, 35.6271884892086, 
30.2725903614458, 35.6271884892086, 30.2725903614458, 35.6271884892086, 
30.2725903614458, 35.6271884892086, 30.2725903614458, 35.6271884892086, 
30.2725903614458, 35.6271884892086, 30.2725903614458, 35.6271884892086, 
30.2725903614458, 35.6271884892086, 30.2725903614458, 35.6271884892086, 
30.2725903614458, 35.6271884892086, 30.2725903614458, 35.6271884892086, 
30.2725903614458, 35.6271884892086, 30.2725903614458, 35.6271884892086, 
30.2725903614458, 35.6271884892086, 30.2725903614458, 35.6271884892086, 
30.2725903614458, 35.6271884892086, 30.2725903614458, 35.6271884892086, 
30.2725903614458, 35.6271884892086, 30.2725903614458, 35.6271884892086, 
30.2725903614458, 35.6271884892086, 30.2725903614458, 35.6271884892086, 
30.2725903614458, 35.6271884892086, 30.2725903614458, 35.6271884892086, 
30.2725903614458, 35.6271884892086, 30.2725903614458, 35.6271884892086, 
30.2725903614458, 35.6271884892086, 30.2725903614458, 35.6271884892086, 
30.2725903614458, 35.6271884892086, 30.2725903614458, 35.6271884892086, 
30.2725903614458, 35.6271884892086, 30.2725903614458, 35.6271884892086, 
30.2725903614458, 35.6271884892086, 30.2725903614458, 35.6271884892086, 
30.2725903614458, 35.6271884892086, 30.2725903614458, 35.6271884892086, 
30.2725903614458, 35.6271884892086, 30.2725903614458, 35.6271884892086, 
30.2725903614458, 35.6271884892086, 30.2725903614458, 35.6271884892086, 
30.2725903614458, 35.6271884892086, 30.2725903614458, 35.6271884892086, 
