dataTest <-
structure(list(passengerid = 892:1309, pclass = c(3L, 3L, 2L, 
3L, 3L, 3L, 3L, 2L, 3L, 3L, 3L, 1L, 1L, 2L, 1L, 2L, 2L, 3L, 3L, 
3L, 1L, 3L, 1L, 1L, 1L, 3L, 1L, 3L, 1L, 3L, 2L, 2L, 3L, 3L, 1L, 
3L, 3L, 3L, 3L, 3L, 3L, 1L, 3L, 2L, 1L, 3L, 1L, 3L, 1L, 3L, 1L, 
2L, 2L, 1L, 2L, 3L, 3L, 3L, 3L, 1L, 3L, 2L, 3L, 3L, 1L, 2L, 3L, 
1L, 1L, 1L, 3L, 3L, 3L, 1L, 1L, 1L, 3L, 1L, 2L, 3L, 3L, 1L, 1L, 
3L, 2L, 3L, 3L, 3L, 3L, 2L, 3L, 3L, 1L, 3L, 1L, 3L, 1L, 3L, 3L, 
3L, 1L, 2L, 3L, 3L, 3L, 3L, 3L, 3L, 3L, 2L, 2L, 3L, 1L, 3L, 1L, 
3L, 3L, 3L, 1L, 2L, 2L, 3L, 1L, 3L, 3L, 3L, 3L, 3L, 2L, 3L, 3L, 
1L, 3L, 3L, 3L, 3L, 3L, 2L, 3L, 3L, 3L, 1L, 1L, 2L, 1L, 3L, 1L, 
3L, 1L, 2L, 1L, 3L, 3L, 3L, 3L, 3L, 1L, 3L, 1L, 3L, 3L, 3L, 2L, 
3L, 2L, 3L, 1L, 3L, 1L, 3L, 3L, 3L, 3L, 3L, 3L, 2L, 2L, 1L, 2L, 
1L, 2L, 1L, 1L, 3L, 1L, 2L, 2L, 3L, 3L, 2L, 2L, 1L, 3L, 2L, 2L, 
3L, 1L, 3L, 2L, 3L, 3L, 3L, 1L, 2L, 2L, 1L, 3L, 2L, 1L, 3L, 3L, 
3L, 2L, 2L, 3L, 1L, 3L, 1L, 1L, 3L, 2L, 3L, 2L, 3L, 1L, 3L, 3L, 
3L, 3L, 2L, 2L, 1L, 3L, 3L, 1L, 3L, 1L, 3L, 2L, 1L, 1L, 2L, 1L, 
3L, 3L, 1L, 2L, 2L, 2L, 3L, 2L, 3L, 1L, 3L, 3L, 3L, 3L, 3L, 2L, 
3L, 3L, 3L, 2L, 3L, 2L, 3L, 1L, 3L, 3L, 3L, 1L, 3L, 1L, 3L, 3L, 
2L, 2L, 2L, 2L, 2L, 3L, 3L, 3L, 3L, 3L, 3L, 3L, 1L, 3L, 3L, 1L, 
3L, 3L, 1L, 3L, 3L, 2L, 3L, 1L, 3L, 3L, 2L, 2L, 3L, 3L, 1L, 1L, 
3L, 1L, 3L, 3L, 3L, 3L, 3L, 1L, 3L, 1L, 2L, 3L, 2L, 3L, 3L, 2L, 
1L, 1L, 3L, 2L, 1L, 2L, 2L, 2L, 1L, 3L, 3L, 3L, 1L, 2L, 3L, 2L, 
3L, 2L, 3L, 3L, 1L, 3L, 3L, 2L, 3L, 2L, 2L, 1L, 2L, 2L, 2L, 3L, 
1L, 1L, 3L, 3L, 3L, 3L, 2L, 2L, 3L, 1L, 3L, 3L, 3L, 1L, 2L, 2L, 
1L, 1L, 2L, 1L, 1L, 3L, 2L, 1L, 3L, 3L, 3L, 3L, 3L, 2L, 2L, 3L, 
2L, 3L, 3L, 1L, 1L, 3L, 2L, 3L, 1L, 3L, 1L, 3L, 3L, 1L, 2L, 1L, 
1L, 1L, 2L, 2L, 1L, 3L, 3L, 3L, 1L, 3L, 3L, 1L, 3L, 3L, 3L), 
    name = structure(c(210L, 409L, 273L, 414L, 182L, 370L, 85L, 
    58L, 5L, 104L, 191L, 200L, 356L, 188L, 70L, 113L, 208L, 22L, 
    192L, 21L, 328L, 288L, 142L, 412L, 333L, 322L, 292L, 98L, 
    45L, 343L, 240L, 194L, 112L, 199L, 268L, 207L, 327L, 56L, 
    346L, 174L, 206L, 152L, 162L, 89L, 216L, 304L, 73L, 349L, 
    54L, 93L, 352L, 313L, 183L, 148L, 251L, 318L, 87L, 3L, 107L, 
    72L, 119L, 259L, 37L, 44L, 331L, 90L, 55L, 269L, 382L, 149L, 
    271L, 267L, 279L, 293L, 156L, 209L, 265L, 91L, 7L, 125L, 
    41L, 367L, 67L, 115L, 225L, 213L, 28L, 26L, 285L, 398L, 133L, 
    303L, 102L, 167L, 36L, 373L, 69L, 248L, 46L, 275L, 364L, 
    397L, 145L, 196L, 377L, 186L, 53L, 330L, 411L, 371L, 362L, 
    350L, 137L, 52L, 368L, 76L, 375L, 345L, 29L, 71L, 396L, 215L, 
    347L, 66L, 211L, 95L, 48L, 258L, 43L, 307L, 361L, 165L, 229L, 
    374L, 120L, 63L, 417L, 348L, 126L, 164L, 163L, 101L, 332L, 
    30L, 231L, 385L, 179L, 103L, 94L, 224L, 134L, 254L, 366L, 
    221L, 18L, 130L, 35L, 241L, 39L, 301L, 354L, 380L, 416L, 
    302L, 305L, 218L, 47L, 147L, 68L, 175L, 237L, 418L, 132L, 
    379L, 19L, 49L, 351L, 363L, 32L, 83L, 260L, 82L, 253L, 226L, 
    123L, 255L, 308L, 105L, 338L, 387L, 14L, 342L, 384L, 236L, 
    127L, 204L, 358L, 281L, 27L, 315L, 272L, 100L, 24L, 314L, 
    12L, 290L, 261L, 81L, 325L, 114L, 9L, 141L, 110L, 189L, 10L, 
    173L, 246L, 405L, 407L, 378L, 131L, 316L, 86L, 203L, 60L, 
    270L, 20L, 263L, 138L, 184L, 372L, 410L, 408L, 234L, 97L, 
    388L, 395L, 25L, 180L, 124L, 233L, 75L, 359L, 190L, 198L, 
    212L, 205L, 128L, 185L, 214L, 401L, 4L, 77L, 341L, 400L, 
    244L, 247L, 280L, 33L, 264L, 109L, 282L, 399L, 220L, 312L, 
    243L, 74L, 394L, 187L, 310L, 256L, 150L, 78L, 230L, 334L, 
    51L, 297L, 139L, 391L, 294L, 291L, 299L, 143L, 381L, 324L, 
    117L, 151L, 355L, 252L, 146L, 317L, 99L, 276L, 121L, 415L, 
    13L, 227L, 344L, 239L, 197L, 289L, 249L, 309L, 311L, 257L, 
    96L, 8L, 6L, 172L, 169L, 57L, 386L, 335L, 64L, 404L, 168L, 
    360L, 323L, 201L, 195L, 11L, 222L, 278L, 329L, 223L, 23L, 
    31L, 326L, 79L, 136L, 106L, 129L, 376L, 274L, 88L, 245L, 
    108L, 135L, 116L, 34L, 140L, 242L, 339L, 62L, 383L, 2L, 40L, 
    402L, 161L, 389L, 166L, 365L, 118L, 178L, 111L, 202L, 50L, 
    238L, 286L, 232L, 337L, 250L, 393L, 369L, 171L, 340L, 61L, 
    319L, 158L, 295L, 160L, 413L, 193L, 170L, 122L, 42L, 219L, 
    92L, 181L, 17L, 284L, 144L, 321L, 262L, 403L, 177L, 15L, 
    16L, 59L, 296L, 298L, 235L, 1L, 159L, 217L, 353L, 80L, 154L, 
    228L, 84L, 38L, 155L, 157L, 65L, 153L, 283L, 392L, 406L, 
    320L, 300L, 277L, 266L, 176L, 357L, 287L, 336L, 390L, 306L
    ),